1022
1025
1025
1028
1029
1031
1032
1034
1039
1062
1063
1068
1068
1069
1077
1081
1082
1087
1088
1091
1093
1099
1103
1104
1110
1120
1120
1124
1128
1129
1148
1161
1162
1168
1169
1170
1171
1186
1191
1192
1195
1197
1198
1199
1200
1201
1211
1212
1214
1216
1221
1234
1235
1237
1238
1239
1240
1241
1244
1249
1251
1252
1252
1253
1255
1256
1257
1258
1259
1260
1261
1263
1272
1273
1281
1286
1288
1292
1295
1303
1307
1310
1332
1340
1387
1397
1409
1430
1436
1437
1449
1452
1487
1507
1548
1551
1555
1566
1581
1582
1607
1624
1763
1767
1798
1805
1871
1873
1905
1909
1909
1957
1972
2026
2062
2063
2137
2169
2180
2224
2242
2246
2251
2293
2322
2356
2414
2429
2440
2454
2514
2560
2589
2657
2681
2694
2720
2916
2919
2926
2930